[gd_scene load_steps=7 format=3 uid="uid://bfn5cnecohjbk"]

[ext_resource type="Script" path="res://Scripts/Managers/MainTestAreaManager.gd" id="1_i0lpq"]
[ext_resource type="PackedScene" uid="uid://bonxjlt4ysdp4" path="res://Scenes/Managers/astar.tscn" id="2_kyp0d"]
[ext_resource type="Script" path="res://Scripts/Camera/GameCamera.gd" id="3_xysbl"]
[ext_resource type="PackedScene" uid="uid://co40jls0cyt1t" path="res://Scenes/Managers/HUD.tscn" id="4_lo1wy"]
[ext_resource type="PackedScene" uid="uid://580t1g7j8kpl" path="res://Scenes/Objects/Road/road_green.tscn" id="5_awknf"]
[ext_resource type="PackedScene" uid="uid://c34f7ws6xe8p3" path="res://Scenes/Objects/Background/Buildings/building-house1.tscn" id="6_6umc2"]

[node name="Level_1" type="Node3D"]
script = ExtResource("1_i0lpq")

[node name="Astar" parent="." instance=ExtResource("2_kyp0d")]

[node name="Camera3D" type="Camera3D" parent="." groups=["camera"]]
transform = Transform3D(0.707107, -0.353553, 0.612372, 0, 0.866025, 0.5, -0.707107, -0.353553, 0.612372, 10, 0, 10)
projection = 1
current = true
size = 14.402
script = ExtResource("3_xysbl")
offset = Vector3(15, 15, 15)

[node name="CanvasLayer" parent="." instance=ExtResource("4_lo1wy")]

[node name="DirectionalLight3D" type="DirectionalLight3D" parent="."]
transform = Transform3D(0.918066, -0.290367, 0.269892, 0, 0.680811, 0.73246, -0.396427, -0.672446, 0.625029, 9.51741, 0, -15.4859)
light_energy = 0.924
shadow_enabled = true
shadow_blur = 1.101

[node name="Scene" type="Node" parent="."]

[node name="Pathables" type="Node" parent="Scene"]

[node name="Street_green" parent="Scene/Pathables" instance=ExtResource("5_awknf")]

[node name="Building House1" parent="Scene/Pathables" instance=ExtResource("6_6umc2")]
transform = Transform3D(0.0501223, 0, 0.998743, 0, 1, 0, -0.998743, 0, 0.0501223, -28.4153, 0.348347, -1.26012)

[node name="Background" type="Node" parent="Scene"]

[node name="Decor" type="Node" parent="Scene"]

[node name="Interactables" type="Node" parent="Scene"]
